0.000000000000000000e+00 1.109771025659145732e-01 2.259769799878288410e+00 0.000000000000000000e+00 -1.419855240420341502e+01 6.972897002755162887e-01 0.000000000000000000e+00 -9.891819899049807407e-01 -1.266238410655089013e-02 1.461460053383612234e-01 1.465970510554196471e-01 -4.920237667596806530e-02 9.879718775103319972e-01 -5.319348595159981846e-03 9.987085611719637157e-01 5.052637303773989397e-02 -3.342245293687568647e-02 6.275070957710148001e+00 3.174665646958017007e-01 1.179999999999999938e+00 -0.000000000000000000e+00 0.000000000000000000e+00 6.283185307179585344e+00
1.000000000000000056e-01 -1.238476999982054627e+00 1.893422875707202913e+00 0.000000000000000000e+00 -1.189672679292121593e+01 -7.781580489567097914e+00 0.000000000000000000e+00 -8.864326250026994813e-01 1.867634745637024654e-02 -4.624806973015327394e-01 -4.628270798703833511e-01 -4.724832153118883188e-02 8.851885054897282723e-01 -5.319348595159969703e-03 9.987085611719636047e-01 5.052637303773979682e-02 -3.342245293687568647e-02 6.275070957710148001e+00 3.174665646958017007e-01 1.179999999999999938e+00 -0.000000000000000000e+00 6.283185307179586232e-01 6.283185307179585344e+00
2.000000000000000111e-01 -2.114874982821882465e+00 8.038527680925338093e-01 0.000000000000000000e+00 -5.050755901614647492e+00 -1.328815141858813043e+01 0.000000000000000000e+00 -4.450961260861770463e-01 4.288134907666062839e-02 -8.944554927129931832e-01 -8.954669971995623534e-01 -2.724701347287899686e-02 4.442932108227714005e-01 -5.319348595159913325e-03 9.987085611719638267e-01 5.052637303773983846e-02 -3.342245293687568647e-02 6.275070957710148001e+00 3.174665646958017007e-01 1.179999999999999938e+00 -0.000000000000000000e+00 1.256637061435917246e+00 6.283185307179585344e+00
3.000000000000000444e-01 -2.183462604180600675e+00 -5.927617749827964744e-01 0.000000000000000000e+00 3.724432075229598738e+00 -1.371910015336362676e+01 0.000000000000000000e+00 1.662519647343565776e-01 5.070713283311560626e-02 -9.847786913321239233e-01 -9.860689574023152604e-01 3.161727640144265314e-03 -1.663069894076617539e-01 -5.319348595159980979e-03 9.987085611719637157e-01 5.052637303773992866e-02 -3.342245293687568647e-02 6.275070957710148001e+00 3.174665646958017007e-01 1.179999999999999938e+00 -0.000000000000000000e+00 1.884955592153875870e+00 6.283185307179585344e+00
4.000000000000000222e-01 -1.418041723906687812e+00 -1.762961467246415337e+00 0.000000000000000000e+00 1.107701358812644266e+01 -8.909818924618111424e+00 0.000000000000000000e+00 7.140974557228148001e-01 3.916451531937618913e-02 -6.989499012590248972e-01 -7.000260911285560717e-01 3.236279625780252162e-02 -7.133835722510367683e-01 -5.319348595160024347e-03 9.987085611719637157e-01 5.052637303773998417e-02 -3.342245293687568647e-02 6.275070957710148001e+00 3.174665646958017007e-01 1.179999999999999938e+00 -0.000000000000000000e+00 2.513274122871834493e+00 6.283185307179585344e+00
5.000000000000000000e-01 -1.109771025659148508e-01 -2.259769799878288410e+00 0.000000000000000000e+00 1.419855240420341502e+01 -6.972897002755180651e-01 0.000000000000000000e+00 9.891819899049807407e-01 1.266238410655089186e-02 -1.461460053383613344e-01 -1.465970510554197581e-01 4.920237667596806530e-02 -9.879718775103319972e-01 -5.319348595159979244e-03 9.987085611719637157e-01 5.052637303773989397e-02 -3.342245293687568647e-02 6.275070957710148001e+00 3.174665646958017007e-01 1.179999999999999938e+00 -0.000000000000000000e+00 3.141592653589793116e+00 6.283185307179585344e+00
6.000000000000000888e-01 1.238476999982054627e+00 -1.893422875707203357e+00 0.000000000000000000e+00 1.189672679292121948e+01 7.781580489567097914e+00 0.000000000000000000e+00 8.864326250026995924e-01 -1.867634745637031940e-02 4.624806973015326839e-01 4.628270798703832400e-01 4.724832153118897760e-02 -8.851885054897283833e-01 -5.319348595159965366e-03 9.987085611719637157e-01 5.052637303773996336e-02 -3.342245293687568647e-02 6.275070957710148001e+00 3.174665646958017007e-01 1.179999999999999938e+00 -0.000000000000000000e+00 3.769911184307751739e+00 6.283185307179585344e+00
7.000000000000000666e-01 2.114874982821881577e+00 -8.038527680925340313e-01 0.000000000000000000e+00 5.050755901614649268e+00 1.328815141858812687e+01 0.000000000000000000e+00 4.450961260861771573e-01 -4.288134907666055901e-02 8.944554927129929611e-01 8.954669971995621314e-01 2.724701347287904196e-02 -4.442932108227715116e-01 -5.319348595159974907e-03 9.987085611719637157e-01 5.052637303773978988e-02 -3.342245293687568647e-02 6.275070957710148001e+00 3.174665646958017007e-01 1.179999999999999938e+00 -0.000000000000000000e+00 4.398229715025710362e+00 6.283185307179585344e+00
8.000000000000000444e-01 2.183462604180600675e+00 5.927617749827959193e-01 0.000000000000000000e+00 -3.724432075229595185e+00 1.371910015336362676e+01 0.000000000000000000e+00 -1.662519647343561890e-01 -5.070713283311554381e-02 9.847786913321239233e-01 9.860689574023152604e-01 -3.161727640144306080e-03 1.663069894076613653e-01 -5.319348595159911590e-03 9.987085611719636047e-01 5.052637303773988009e-02 -3.342245293687568647e-02 6.275070957710148001e+00 3.174665646958017007e-01 1.179999999999999938e+00 -0.000000000000000000e+00 5.026548245743668986e+00 6.283185307179585344e+00
9.000000000000000222e-01 1.418041723906688034e+00 1.762961467246415337e+00 0.000000000000000000e+00 -1.107701358812644266e+01 8.909818924618113201e+00 0.000000000000000000e+00 -7.140974557228146891e-01 -3.916451531937611280e-02 6.989499012590250082e-01 7.000260911285561827e-01 -3.236279625780254937e-02 7.133835722510367683e-01 -5.319348595159950621e-03 9.987085611719638267e-01 5.052637303773995642e-02 -3.342245293687568647e-02 6.275070957710148001e+00 3.174665646958017007e-01 1.179999999999999938e+00 -0.000000000000000000e+00 5.654866776461627609e+00 6.283185307179585344e+00
1.000000000000000000e+00 1.109771025659151283e-01 2.259769799878288410e+00 0.000000000000000000e+00 -1.419855240420341502e+01 6.972897002755197304e-01 0.000000000000000000e+00 -9.891819899049807407e-01 -1.266238410655090574e-02 1.461460053383614732e-01 1.465970510554198691e-01 -4.920237667596806530e-02 9.879718775103319972e-01 -5.319348595159985316e-03 9.987085611719637157e-01 5.052637303773989397e-02 -3.342245293687568647e-02 6.275070957710148001e+00 3.174665646958017007e-01 1.179999999999999938e+00 -0.000000000000000000e+00 6.283185307179586232e+00 6.283185307179585344e+00
1.100000000000000089e+00 -1.238476999982054183e+00 1.893422875707203579e+00 0.000000000000000000e+00 -1.189672679292122126e+01 -7.781580489567096137e+00 0.000000000000000000e+00 -8.864326250026997034e-01 1.867634745637031593e-02 -4.624806973015325728e-01 -4.628270798703831845e-01 -4.724832153118897760e-02 8.851885054897283833e-01 -5.319348595159963632e-03 9.987085611719637157e-01 5.052637303773996336e-02 -3.342245293687568647e-02 6.275070957710148001e+00 3.174665646958017007e-01 1.179999999999999938e+00 -0.000000000000000000e+00 6.911503837897544855e+00 6.283185307179585344e+00
1.200000000000000178e+00 -2.114874982821882021e+00 8.038527680925345864e-01 0.000000000000000000e+00 -5.050755901614651933e+00 -1.328815141858812865e+01 0.000000000000000000e+00 -4.450961260861773239e-01 4.288134907666064227e-02 -8.944554927129930721e-01 -8.954669971995622424e-01 -2.724701347287917727e-02 4.442932108227716781e-01 -5.319348595160055572e-03 9.987085611719638267e-01 5.052637303773992866e-02 -3.342245293687568647e-02 6.275070957710148001e+00 3.174665646958017007e-01 1.179999999999999938e+00 -0.000000000000000000e+00 7.539822368615503478e+00 6.283185307179585344e+00
1.300000000000000044e+00 -2.183462604180600675e+00 -5.927617749827959193e-01 0.000000000000000000e+00 3.724432075229595185e+00 -1.371910015336362676e+01 0.000000000000000000e+00 1.662519647343561890e-01 5.070713283311554381e-02 -9.847786913321239233e-01 -9.860689574023152604e-01 3.161727640144306080e-03 -1.663069894076613653e-01 -5.319348595159911590e-03 9.987085611719636047e-01 5.052637303773988009e-02 -3.342245293687568647e-02 6.275070957710148001e+00 3.174665646958017007e-01 1.179999999999999938e+00 -0.000000000000000000e+00 8.168140899333462102e+00 6.283185307179585344e+00
1.400000000000000133e+00 -1.418041723906688256e+00 -1.762961467246415115e+00 0.000000000000000000e+00 1.107701358812644088e+01 -8.909818924618114977e+00 0.000000000000000000e+00 7.140974557228145780e-01 3.916451531937605729e-02 -6.989499012590251192e-01 -7.000260911285562937e-01 3.236279625780239672e-02 -7.133835722510365462e-01 -5.319348595160004398e-03 9.987085611719637157e-01 5.052637303773980376e-02 -3.342245293687568647e-02 6.275070957710148001e+00 3.174665646958017007e-01 1.179999999999999938e+00 -0.000000000000000000e+00 8.796459430051420725e+00 6.283185307179585344e+00
1.500000000000000000e+00 -1.109771025659154059e-01 -2.259769799878288410e+00 0.000000000000000000e+00 1.419855240420341502e+01 -6.972897002755215068e-01 0.000000000000000000e+00 9.891819899049807407e-01 1.266238410655090921e-02 -1.461460053383615842e-01 -1.465970510554200079e-01 4.920237667596806530e-02 -9.879718775103319972e-01 -5.319348595159982714e-03 9.987085611719637157e-01 5.052637303773989397e-02 -3.342245293687568647e-02 6.275070957710148001e+00 3.174665646958017007e-01 1.179999999999999938e+00 -0.000000000000000000e+00 9.424777960769379348e+00 6.283185307179585344e+00
1.600000000000000089e+00 1.238476999982053961e+00 -1.893422875707203579e+00 0.000000000000000000e+00 1.189672679292122126e+01 7.781580489567094361e+00 0.000000000000000000e+00 8.864326250026997034e-01 -1.867634745637027777e-02 4.624806973015324618e-01 4.628270798703830735e-01 4.724832153118898453e-02 -8.851885054897284943e-01 -5.319348595159999193e-03 9.987085611719637157e-01 5.052637303773994948e-02 -3.342245293687568647e-02 6.275070957710148001e+00 3.174665646958017007e-01 1.179999999999999938e+00 -0.000000000000000000e+00 1.005309649148733797e+01 6.283185307179585344e+00
1.700000000000000178e+00 2.114874982821881577e+00 -8.038527680925348085e-01 0.000000000000000000e+00 5.050755901614653709e+00 1.328815141858812687e+01 0.000000000000000000e+00 4.450961260861773239e-01 -4.288134907666078105e-02 8.944554927129928501e-01 8.954669971995620203e-01 2.724701347287926748e-02 -4.442932108227716781e-01 -5.319348595160067715e-03 9.987085611719636047e-01 5.052637303774009520e-02 -3.342245293687568647e-02 6.275070957710148001e+00 3.174665646958017007e-01 1.179999999999999938e+00 -0.000000000000000000e+00 1.068141502220529659e+01 6.283185307179585344e+00
1.800000000000000044e+00 2.183462604180601119e+00 5.927617749827954752e-01 0.000000000000000000e+00 -3.724432075229592520e+00 1.371910015336362854e+01 0.000000000000000000e+00 -1.662519647343560225e-01 -5.070713283311560626e-02 9.847786913321241453e-01 9.860689574023154824e-01 -3.161727640144251436e-03 1.663069894076611988e-01 -5.319348595159967101e-03 9.987085611719638267e-01 5.052637303773993560e-02 -3.342245293687568647e-02 6.275070957710148001e+00 3.174665646958017007e-01 1.179999999999999938e+00 -0.000000000000000000e+00 1.130973355292325522e+01 6.283185307179585344e+00
1.900000000000000133e+00 1.418041723906688478e+00 1.762961467246415115e+00 0.000000000000000000e+00 -1.107701358812644088e+01 8.909818924618116753e+00 0.000000000000000000e+00 -7.140974557228144670e-01 -3.916451531937613362e-02 6.989499012590252303e-01 7.000260911285562937e-01 -3.236279625780236896e-02 7.133835722510365462e-01 -5.319348595160074654e-03 9.987085611719637157e-01 5.052637303773983846e-02 -3.342245293687568647e-02 6.275070957710148001e+00 3.174665646958017007e-01 1.179999999999999938e+00 -0.000000000000000000e+00 1.193805208364121384e+01 6.283185307179585344e+00
2.000000000000000000e+00 1.109771025659156835e-01 2.259769799878288410e+00 0.000000000000000000e+00 -1.419855240420341502e+01 6.972897002755232831e-01 0.000000000000000000e+00 -9.891819899049807407e-01 -1.266238410655092135e-02 1.461460053383617230e-01 1.465970510554201189e-01 -4.920237667596806530e-02 9.879718775103319972e-01 -5.319348595159989652e-03 9.987085611719637157e-01 5.052637303773989397e-02 -3.342245293687568647e-02 6.275070957710148001e+00 3.174665646958017007e-01 1.179999999999999938e+00 -0.000000000000000000e+00 1.256637061435917246e+01 6.283185307179585344e+00
