0.000000000000000000e+00 1.109771025659145732e-01 2.259769799878288410e+00 0.000000000000000000e+00 -1.419855240420341502e+01 6.972897002755162887e-01 0.000000000000000000e+00 -9.891819899049807407e-01 -1.266238410655089013e-02 1.461460053383612234e-01 1.465970510554196471e-01 -4.920237667596806530e-02 9.879718775103319972e-01 -5.319348595159981846e-03 9.987085611719637157e-01 5.052637303773989397e-02 -3.342245293687568647e-02 6.275070957710148001e+00 3.174665646958017007e-01 1.179999999999999938e+00 -0.000000000000000000e+00 0.000000000000000000e+00 6.283185307179585344e+00 -0.000000000000000000e+00 -0.000000000000000000e+00 3.147883903873549116e-04 1.399799941774210543e-05
1.000000000000000056e-01 -1.238476999982054627e+00 1.893422875707202913e+00 0.000000000000000000e+00 -1.189672679292121593e+01 -7.781580489567097914e+00 0.000000000000000000e+00 -8.864326250026994813e-01 1.867634745637024654e-02 -4.624806973015327394e-01 -4.628270798703833511e-01 -4.724832153118883188e-02 8.851885054897282723e-01 -5.319348595159969703e-03 9.987085611719636047e-01 5.052637303773979682e-02 -3.342245293687568647e-02 6.275070957710148001e+00 3.174665646958017007e-01 1.179999999999999938e+00 -0.000000000000000000e+00 6.283185307179586232e-01 6.283185307179585344e+00 -0.000000000000000000e+00 -0.000000000000000000e+00 3.147883903873549116e-04 1.399799941774210543e-05
2.000000000000000111e-01 -2.114874982821882465e+00 8.038527680925338093e-01 0.000000000000000000e+00 -5.050755901614647492e+00 -1.328815141858813043e+01 0.000000000000000000e+00 -4.450961260861770463e-01 4.288134907666062839e-02 -8.944554927129931832e-01 -8.954669971995623534e-01 -2.724701347287899686e-02 4.442932108227714005e-01 -5.319348595159913325e-03 9.987085611719638267e-01 5.052637303773983846e-02 -3.342245293687568647e-02 6.275070957710148001e+00 3.174665646958017007e-01 1.179999999999999938e+00 -0.000000000000000000e+00 1.256637061435917246e+00 6.283185307179585344e+00 -0.000000000000000000e+00 -0.000000000000000000e+00 3.147883903873549116e-04 1.399799941774210543e-05
3.000000000000000444e-01 -2.183462604180600675e+00 -5.927617749827964744e-01 0.000000000000000000e+00 3.724432075229598738e+00 -1.371910015336362676e+01 0.000000000000000000e+00 1.662519647343565776e-01 5.070713283311560626e-02 -9.847786913321239233e-01 -9.860689574023152604e-01 3.161727640144265314e-03 -1.663069894076617539e-01 -5.319348595159980979e-03 9.987085611719637157e-01 5.052637303773992866e-02 -3.342245293687568647e-02 6.275070957710148001e+00 3.174665646958017007e-01 1.179999999999999938e+00 -0.000000000000000000e+00 1.884955592153875870e+00 6.283185307179585344e+00 -0.000000000000000000e+00 -0.000000000000000000e+00 3.147883903873549116e-04 1.399799941774210543e-05
4.000000000000000222e-01 -1.418041723906687812e+00 -1.762961467246415337e+00 0.000000000000000000e+00 1.107701358812644266e+01 -8.909818924618111424e+00 0.000000000000000000e+00 7.140974557228148001e-01 3.916451531937618913e-02 -6.989499012590248972e-01 -7.000260911285560717e-01 3.236279625780252162e-02 -7.133835722510367683e-01 -5.319348595160024347e-03 9.987085611719637157e-01 5.052637303773998417e-02 -3.342245293687568647e-02 6.275070957710148001e+00 3.174665646958017007e-01 1.179999999999999938e+00 -0.000000000000000000e+00 2.513274122871834493e+00 6.283185307179585344e+00 -0.000000000000000000e+00 -0.000000000000000000e+00 3.147883903873549116e-04 1.399799941774210543e-05
5.000000000000000000e-01 -1.109771025659148508e-01 -2.259769799878288410e+00 0.000000000000000000e+00 1.419855240420341502e+01 -6.972897002755180651e-01 0.000000000000000000e+00 9.891819899049807407e-01 1.266238410655089186e-02 -1.461460053383613344e-01 -1.465970510554197581e-01 4.920237667596806530e-02 -9.879718775103319972e-01 -5.319348595159979244e-03 9.987085611719637157e-01 5.052637303773989397e-02 -3.342245293687568647e-02 6.275070957710148001e+00 3.174665646958017007e-01 1.179999999999999938e+00 -0.000000000000000000e+00 3.141592653589793116e+00 6.283185307179585344e+00 -0.000000000000000000e+00 -0.000000000000000000e+00 3.147883903873549116e-04 1.399799941774210543e-05
6.000000000000000888e-01 1.238476999982054627e+00 -1.893422875707203357e+00 0.000000000000000000e+00 1.189672679292121948e+01 7.781580489567097914e+00 0.000000000000000000e+00 8.864326250026995924e-01 -1.867634745637031940e-02 4.624806973015326839e-01 4.628270798703832400e-01 4.724832153118897760e-02 -8.851885054897283833e-01 -5.319348595159965366e-03 9.987085611719637157e-01 5.052637303773996336e-02 -3.342245293687568647e-02 6.275070957710148001e+00 3.174665646958017007e-01 1.179999999999999938e+00 -0.000000000000000000e+00 3.769911184307751739e+00 6.283185307179585344e+00 -0.000000000000000000e+00 -0.000000000000000000e+00 3.147883903873549116e-04 1.399799941774210543e-05
7.000000000000000666e-01 2.114874982821881577e+00 -8.038527680925340313e-01 0.000000000000000000e+00 5.050755901614649268e+00 1.328815141858812687e+01 0.000000000000000000e+00 4.450961260861771573e-01 -4.288134907666055901e-02 8.944554927129929611e-01 8.954669971995621314e-01 2.724701347287904196e-02 -4.442932108227715116e-01 -5.319348595159974907e-03 9.987085611719637157e-01 5.052637303773978988e-02 -3.342245293687568647e-02 6.275070957710148001e+00 3.174665646958017007e-01 1.179999999999999938e+00 -0.000000000000000000e+00 4.398229715025710362e+00 6.283185307179585344e+00 -0.000000000000000000e+00 -0.000000000000000000e+00 3.147883903873549116e-04 1.399799941774210543e-05
8.000000000000000444e-01 2.183462604180600675e+00 5.927617749827959193e-01 0.000000000000000000e+00 -3.724432075229595185e+00 1.371910015336362676e+01 0.000000000000000000e+00 -1.662519647343561890e-01 -5.070713283311554381e-02 9.847786913321239233e-01 9.860689574023152604e-01 -3.161727640144306080e-03 1.663069894076613653e-01 -5.319348595159911590e-03 9.987085611719636047e-01 5.052637303773988009e-02 -3.342245293687568647e-02 6.275070957710148001e+00 3.174665646958017007e-01 1.179999999999999938e+00 -0.000000000000000000e+00 5.026548245743668986e+00 6.283185307179585344e+00 -0.000000000000000000e+00 -0.000000000000000000e+00 3.147883903873549116e-04 1.399799941774210543e-05
9.000000000000000222e-01 1.418041723906688034e+00 1.762961467246415337e+00 0.000000000000000000e+00 -1.107701358812644266e+01 8.909818924618113201e+00 0.000000000000000000e+00 -7.140974557228146891e-01 -3.916451531937611280e-02 6.989499012590250082e-01 7.000260911285561827e-01 -3.236279625780254937e-02 7.133835722510367683e-01 -5.319348595159950621e-03 9.987085611719638267e-01 5.052637303773995642e-02 -3.342245293687568647e-02 6.275070957710148001e+00 3.174665646958017007e-01 1.179999999999999938e+00 -0.000000000000000000e+00 5.654866776461627609e+00 6.283185307179585344e+00 -0.000000000000000000e+00 -0.000000000000000000e+00 3.147883903873549116e-04 1.399799941774210543e-05
1.000000000000000000e+00 1.109771025659151283e-01 2.259769799878288410e+00 0.000000000000000000e+00 -1.419855240420341502e+01 6.972897002755197304e-01 0.000000000000000000e+00 -9.891819899049807407e-01 -1.266238410655090574e-02 1.461460053383614732e-01 1.465970510554198691e-01 -4.920237667596806530e-02 9.879718775103319972e-01 -5.319348595159985316e-03 9.987085611719637157e-01 5.052637303773989397e-02 -3.342245293687568647e-02 6.275070957710148001e+00 3.174665646958017007e-01 1.179999999999999938e+00 -0.000000000000000000e+00 6.283185307179586232e+00 6.283185307179585344e+00 -0.000000000000000000e+00 -0.000000000000000000e+00 3.147883903873549116e-04 1.399799941774210543e-05
1.100000000000000089e+00 -1.238476999982054183e+00 1.893422875707203579e+00 0.000000000000000000e+00 -1.189672679292122126e+01 -7.781580489567096137e+00 0.000000000000000000e+00 -8.864326250026997034e-01 1.867634745637031593e-02 -4.624806973015325728e-01 -4.628270798703831845e-01 -4.724832153118897760e-02 8.851885054897283833e-01 -5.319348595159963632e-03 9.987085611719637157e-01 5.052637303773996336e-02 -3.342245293687568647e-02 6.275070957710148001e+00 3.174665646958017007e-01 1.179999999999999938e+00 -0.000000000000000000e+00 6.911503837897544855e+00 6.283185307179585344e+00 -0.000000000000000000e+00 -0.000000000000000000e+00 3.147883903873549116e-04 1.399799941774210543e-05
1.200000000000000178e+00 -2.114874982821882021e+00 8.038527680925345864e-01 0.000000000000000000e+00 -5.050755901614651933e+00 -1.328815141858812865e+01 0.000000000000000000e+00 -4.450961260861773239e-01 4.288134907666064227e-02 -8.944554927129930721e-01 -8.954669971995622424e-01 -2.724701347287917727e-02 4.442932108227716781e-01 -5.319348595160055572e-03 9.987085611719638267e-01 5.052637303773992866e-02 -3.342245293687568647e-02 6.275070957710148001e+00 3.174665646958017007e-01 1.179999999999999938e+00 -0.000000000000000000e+00 7.539822368615503478e+00 6.283185307179585344e+00 -0.000000000000000000e+00 -0.000000000000000000e+00 3.147883903873549116e-04 1.399799941774210543e-05
1.300000000000000044e+00 -2.183462604180600675e+00 -5.927617749827959193e-01 0.000000000000000000e+00 3.724432075229595185e+00 -1.371910015336362676e+01 0.000000000000000000e+00 1.662519647343561890e-01 5.070713283311554381e-02 -9.847786913321239233e-01 -9.860689574023152604e-01 3.161727640144306080e-03 -1.663069894076613653e-01 -5.319348595159911590e-03 9.987085611719636047e-01 5.052637303773988009e-02 -3.342245293687568647e-02 6.275070957710148001e+00 3.174665646958017007e-01 1.179999999999999938e+00 -0.000000000000000000e+00 8.168140899333462102e+00 6.283185307179585344e+00 -0.000000000000000000e+00 -0.000000000000000000e+00 3.147883903873549116e-04 1.399799941774210543e-05
1.400000000000000133e+00 -1.418041723906688256e+00 -1.762961467246415115e+00 0.000000000000000000e+00 1.107701358812644088e+01 -8.909818924618114977e+00 0.000000000000000000e+00 7.140974557228145780e-01 3.916451531937605729e-02 -6.989499012590251192e-01 -7.000260911285562937e-01 3.236279625780239672e-02 -7.133835722510365462e-01 -5.319348595160004398e-03 9.987085611719637157e-01 5.052637303773980376e-02 -3.342245293687568647e-02 6.275070957710148001e+00 3.174665646958017007e-01 1.179999999999999938e+00 -0.000000000000000000e+00 8.796459430051420725e+00 6.283185307179585344e+00 -0.000000000000000000e+00 -0.000000000000000000e+00 3.147883903873549116e-04 1.399799941774210543e-05
1.500000000000000000e+00 -1.109771025659154059e-01 -2.259769799878288410e+00 0.000000000000000000e+00 1.419855240420341502e+01 -6.972897002755215068e-01 0.000000000000000000e+00 9.891819899049807407e-01 1.266238410655090921e-02 -1.461460053383615842e-01 -1.465970510554200079e-01 4.920237667596806530e-02 -9.879718775103319972e-01 -5.319348595159982714e-03 9.987085611719637157e-01 5.052637303773989397e-02 -3.342245293687568647e-02 6.275070957710148001e+00 3.174665646958017007e-01 1.179999999999999938e+00 -0.000000000000000000e+00 9.424777960769379348e+00 6.283185307179585344e+00 -0.000000000000000000e+00 -0.000000000000000000e+00 3.147883903873549116e-04 1.399799941774210543e-05
1.600000000000000089e+00 1.238476999982053961e+00 -1.893422875707203579e+00 0.000000000000000000e+00 1.189672679292122126e+01 7.781580489567094361e+00 0.000000000000000000e+00 8.864326250026997034e-01 -1.867634745637027777e-02 4.624806973015324618e-01 4.628270798703830735e-01 4.724832153118898453e-02 -8.851885054897284943e-01 -5.319348595159999193e-03 9.987085611719637157e-01 5.052637303773994948e-02 -3.342245293687568647e-02 6.275070957710148001e+00 3.174665646958017007e-01 1.179999999999999938e+00 -0.000000000000000000e+00 1.005309649148733797e+01 6.283185307179585344e+00 -0.000000000000000000e+00 -0.000000000000000000e+00 3.147883903873549116e-04 1.399799941774210543e-05
1.700000000000000178e+00 2.114874982821881577e+00 -8.038527680925348085e-01 0.000000000000000000e+00 5.050755901614653709e+00 1.328815141858812687e+01 0.000000000000000000e+00 4.450961260861773239e-01 -4.288134907666078105e-02 8.944554927129928501e-01 8.954669971995620203e-01 2.724701347287926748e-02 -4.442932108227716781e-01 -5.319348595160067715e-03 9.987085611719636047e-01 5.052637303774009520e-02 -3.342245293687568647e-02 6.275070957710148001e+00 3.174665646958017007e-01 1.179999999999999938e+00 -0.000000000000000000e+00 1.068141502220529659e+01 6.283185307179585344e+00 -0.000000000000000000e+00 -0.000000000000000000e+00 3.147883903873549116e-04 1.399799941774210543e-05
1.800000000000000044e+00 2.183462604180601119e+00 5.927617749827954752e-01 0.000000000000000000e+00 -3.724432075229592520e+00 1.371910015336362854e+01 0.000000000000000000e+00 -1.662519647343560225e-01 -5.070713283311560626e-02 9.847786913321241453e-01 9.860689574023154824e-01 -3.161727640144251436e-03 1.663069894076611988e-01 -5.319348595159967101e-03 9.987085611719638267e-01 5.052637303773993560e-02 -3.342245293687568647e-02 6.275070957710148001e+00 3.174665646958017007e-01 1.179999999999999938e+00 -0.000000000000000000e+00 1.130973355292325522e+01 6.283185307179585344e+00 -0.000000000000000000e+00 -0.000000000000000000e+00 3.147883903873549116e-04 1.399799941774210543e-05
1.900000000000000133e+00 1.418041723906688478e+00 1.762961467246415115e+00 0.000000000000000000e+00 -1.107701358812644088e+01 8.909818924618116753e+00 0.000000000000000000e+00 -7.140974557228144670e-01 -3.916451531937613362e-02 6.989499012590252303e-01 7.000260911285562937e-01 -3.236279625780236896e-02 7.133835722510365462e-01 -5.319348595160074654e-03 9.987085611719637157e-01 5.052637303773983846e-02 -3.342245293687568647e-02 6.275070957710148001e+00 3.174665646958017007e-01 1.179999999999999938e+00 -0.000000000000000000e+00 1.193805208364121384e+01 6.283185307179585344e+00 -0.000000000000000000e+00 -0.000000000000000000e+00 3.147883903873549116e-04 1.399799941774210543e-05
2.000000000000000000e+00 1.109771025659156835e-01 2.259769799878288410e+00 0.000000000000000000e+00 -1.419855240420341502e+01 6.972897002755232831e-01 0.000000000000000000e+00 -9.891819899049807407e-01 -1.266238410655092135e-02 1.461460053383617230e-01 1.465970510554201189e-01 -4.920237667596806530e-02 9.879718775103319972e-01 -5.319348595159989652e-03 9.987085611719637157e-01 5.052637303773989397e-02 -3.342245293687568647e-02 6.275070957710148001e+00 3.174665646958017007e-01 1.179999999999999938e+00 -0.000000000000000000e+00 1.256637061435917246e+01 6.283185307179585344e+00 -0.000000000000000000e+00 -0.000000000000000000e+00 3.147883903873549116e-04 1.399799941774210543e-05
2.100000000000000089e+00 -1.238476999982053739e+00 1.893422875707203579e+00 0.000000000000000000e+00 -1.189672679292122126e+01 -7.781580489567092584e+00 0.000000000000000000e+00 -8.864326250026997034e-01 1.867634745637031246e-02 -4.624806973015323508e-01 -4.628270798703829625e-01 -4.724832153118897760e-02 8.851885054897284943e-01 -5.319348595159957560e-03 9.987085611719636047e-01 5.052637303773996336e-02 -3.342245293687568647e-02 6.275070957710148001e+00 3.174665646958017007e-01 1.179999999999999938e+00 -0.000000000000000000e+00 1.319468914507713109e+01 6.283185307179585344e+00 -0.000000000000000000e+00 -0.000000000000000000e+00 3.147883903873549116e-04 1.399799941774210543e-05
2.200000000000000178e+00 -2.114874982821881577e+00 8.038527680925348085e-01 0.000000000000000000e+00 -5.050755901614653709e+00 -1.328815141858812687e+01 0.000000000000000000e+00 -4.450961260861773239e-01 4.288134907666078105e-02 -8.944554927129928501e-01 -8.954669971995620203e-01 -2.724701347287926748e-02 4.442932108227716781e-01 -5.319348595160067715e-03 9.987085611719636047e-01 5.052637303774009520e-02 -3.342245293687568647e-02 6.275070957710148001e+00 3.174665646958017007e-01 1.179999999999999938e+00 -0.000000000000000000e+00 1.382300767579508971e+01 6.283185307179585344e+00 -0.000000000000000000e+00 -0.000000000000000000e+00 3.147883903873549116e-04 1.399799941774210543e-05
2.300000000000000266e+00 -2.183462604180600675e+00 -5.927617749827951421e-01 0.000000000000000000e+00 3.724432075229590300e+00 -1.371910015336362676e+01 0.000000000000000000e+00 1.662519647343559115e-01 5.070713283311571035e-02 -9.847786913321240343e-01 -9.860689574023153714e-01 3.161727640144368530e-03 -1.663069894076610877e-01 -5.319348595159863018e-03 9.987085611719637157e-01 5.052637303774004662e-02 -3.342245293687568647e-02 6.275070957710148001e+00 3.174665646958017007e-01 1.179999999999999938e+00 -0.000000000000000000e+00 1.445132620651304833e+01 6.283185307179585344e+00 -0.000000000000000000e+00 -0.000000000000000000e+00 3.147883903873549116e-04 1.399799941774210543e-05
2.400000000000000355e+00 -1.418041723906688922e+00 -1.762961467246414893e+00 0.000000000000000000e+00 1.107701358812643910e+01 -8.909818924618118530e+00 0.000000000000000000e+00 7.140974557228143560e-01 3.916451531937606423e-02 -6.989499012590253413e-01 -7.000260911285565157e-01 3.236279625780239672e-02 -7.133835722510364352e-01 -5.319348595159997459e-03 9.987085611719638267e-01 5.052637303773981070e-02 -3.342245293687568647e-02 6.275070957710148001e+00 3.174665646958017007e-01 1.179999999999999938e+00 -0.000000000000000000e+00 1.507964473723100696e+01 6.283185307179585344e+00 -0.000000000000000000e+00 -0.000000000000000000e+00 3.147883903873549116e-04 1.399799941774210543e-05
2.500000000000000000e+00 -1.109771025659159610e-01 -2.259769799878288410e+00 0.000000000000000000e+00 1.419855240420341502e+01 -6.972897002755249485e-01 0.000000000000000000e+00 9.891819899049807407e-01 1.266238410655092482e-02 -1.461460053383618340e-01 -1.465970510554202300e-01 4.920237667596806530e-02 -9.879718775103319972e-01 -5.319348595159986183e-03 9.987085611719637157e-01 5.052637303773989397e-02 -3.342245293687568647e-02 6.275070957710148001e+00 3.174665646958017007e-01 1.179999999999999938e+00 -0.000000000000000000e+00 1.570796326794896558e+01 6.283185307179585344e+00 -0.000000000000000000e+00 -0.000000000000000000e+00 3.147883903873549116e-04 1.399799941774210543e-05
2.600000000000000089e+00 1.238476999982053517e+00 -1.893422875707203801e+00 0.000000000000000000e+00 1.189672679292122304e+01 7.781580489567090808e+00 0.000000000000000000e+00 8.864326250026997034e-01 -1.867634745637027083e-02 4.624806973015322398e-01 4.628270798703828515e-01 4.724832153118899147e-02 -8.851885054897284943e-01 -5.319348595159993122e-03 9.987085611719636047e-01 5.052637303773994948e-02 -3.342245293687568647e-02 6.275070957710148001e+00 3.174665646958017007e-01 1.179999999999999938e+00 -0.000000000000000000e+00 1.633628179866692420e+01 6.283185307179585344e+00 -0.000000000000000000e+00 -0.000000000000000000e+00 3.147883903873549116e-04 1.399799941774210543e-05
2.700000000000000178e+00 2.114874982821882021e+00 -8.038527680925352525e-01 0.000000000000000000e+00 5.050755901614656374e+00 1.328815141858812865e+01 0.000000000000000000e+00 4.450961260861774349e-01 -4.288134907666070472e-02 8.944554927129928501e-01 8.954669971995620203e-01 2.724701347287913911e-02 -4.442932108227717891e-01 -5.319348595159983581e-03 9.987085611719637157e-01 5.052637303773997030e-02 -3.342245293687568647e-02 6.275070957710148001e+00 3.174665646958017007e-01 1.179999999999999938e+00 -0.000000000000000000e+00 1.696460032938488283e+01 6.283185307179585344e+00 -0.000000000000000000e+00 -0.000000000000000000e+00 3.147883903873549116e-04 1.399799941774210543e-05
2.800000000000000266e+00 2.183462604180600675e+00 5.927617749827951421e-01 0.000000000000000000e+00 -3.724432075229590300e+00 1.371910015336362676e+01 0.000000000000000000e+00 -1.662519647343559115e-01 -5.070713283311571035e-02 9.847786913321240343e-01 9.860689574023153714e-01 -3.161727640144368530e-03 1.663069894076610877e-01 -5.319348595159863018e-03 9.987085611719637157e-01 5.052637303774004662e-02 -3.342245293687568647e-02 6.275070957710148001e+00 3.174665646958017007e-01 1.179999999999999938e+00 -0.000000000000000000e+00 1.759291886010284145e+01 6.283185307179585344e+00 -0.000000000000000000e+00 -0.000000000000000000e+00 3.147883903873549116e-04 1.399799941774210543e-05
2.900000000000000355e+00 1.418041723906688922e+00 1.762961467246414227e+00 0.000000000000000000e+00 -1.107701358812643555e+01 8.909818924618118530e+00 0.000000000000000000e+00 -7.140974557228141339e-01 -3.916451531937613362e-02 6.989499012590253413e-01 7.000260911285565157e-01 -3.236279625780235508e-02 7.133835722510361022e-01 -5.319348595160064246e-03 9.987085611719636047e-01 5.052637303773983152e-02 -3.342245293687568647e-02 6.275070957710148001e+00 3.174665646958017007e-01 1.179999999999999938e+00 -0.000000000000000000e+00 1.822123739082080007e+01 6.283185307179585344e+00 -0.000000000000000000e+00 -0.000000000000000000e+00 3.147883903873549116e-04 1.399799941774210543e-05
3.000000000000000000e+00 1.109771025659162386e-01 2.259769799878288410e+00 0.000000000000000000e+00 -1.419855240420341502e+01 6.972897002755267248e-01 0.000000000000000000e+00 -9.891819899049807407e-01 -1.266238410655092829e-02 1.461460053383619451e-01 1.465970510554203687e-01 -4.920237667596806530e-02 9.879718775103319972e-01 -5.319348595159983581e-03 9.987085611719637157e-01 5.052637303773989397e-02 -3.342245293687568647e-02 6.275070957710148001e+00 3.174665646958017007e-01 1.179999999999999938e+00 -0.000000000000000000e+00 1.884955592153875870e+01 6.283185307179585344e+00 -0.000000000000000000e+00 -0.000000000000000000e+00 3.147883903873549116e-04 1.399799941774210543e-05
3.100000000000000089e+00 -1.238476999982053295e+00 1.893422875707203801e+00 0.000000000000000000e+00 -1.189672679292122304e+01 -7.781580489567089920e+00 0.000000000000000000e+00 -8.864326250026997034e-01 1.867634745637026736e-02 -4.624806973015321843e-01 -4.628270798703827960e-01 -4.724832153118899147e-02 8.851885054897284943e-01 -5.319348595159990520e-03 9.987085611719636047e-01 5.052637303773994948e-02 -3.342245293687568647e-02 6.275070957710148001e+00 3.174665646958017007e-01 1.179999999999999938e+00 -0.000000000000000000e+00 1.947787445225671732e+01 6.283185307179585344e+00 -0.000000000000000000e+00 -0.000000000000000000e+00 3.147883903873549116e-04 1.399799941774210543e-05
3.200000000000000178e+00 -2.114874982821881577e+00 8.038527680925355856e-01 0.000000000000000000e+00 -5.050755901614658150e+00 -1.328815141858812510e+01 0.000000000000000000e+00 -4.450961260861775459e-01 4.288134907666069778e-02 -8.944554927129927391e-01 -8.954669971995619093e-01 -2.724701347287914258e-02 4.442932108227718446e-01 -5.319348595159980111e-03 9.987085611719636047e-01 5.052637303773997030e-02 -3.342245293687568647e-02 6.275070957710148001e+00 3.174665646958017007e-01 1.179999999999999938e+00 -0.000000000000000000e+00 2.010619298297467594e+01 6.283185307179585344e+00 -0.000000000000000000e+00 -0.000000000000000000e+00 3.147883903873549116e-04 1.399799941774210543e-05
3.300000000000000266e+00 -2.183462604180601119e+00 -5.927617749827948090e-01 0.000000000000000000e+00 3.724432075229588524e+00 -1.371910015336362854e+01 0.000000000000000000e+00 1.662519647343558005e-01 5.070713283311571035e-02 -9.847786913321241453e-01 -9.860689574023154824e-01 3.161727640144365494e-03 -1.663069894076609767e-01 -5.319348595159860416e-03 9.987085611719637157e-01 5.052637303774005356e-02 -3.342245293687568647e-02 6.275070957710148001e+00 3.174665646958017007e-01 1.179999999999999938e+00 -0.000000000000000000e+00 2.073451151369263457e+01 6.283185307179585344e+00 -0.000000000000000000e+00 -0.000000000000000000e+00 3.147883903873549116e-04 1.399799941774210543e-05
3.400000000000000355e+00 -1.418041723906689144e+00 -1.762961467246414227e+00 0.000000000000000000e+00 1.107701358812643555e+01 -8.909818924618120306e+00 0.000000000000000000e+00 7.140974557228140229e-01 3.916451531937606423e-02 -6.989499012590254523e-01 -7.000260911285566268e-01 3.236279625780238284e-02 -7.133835722510361022e-01 -5.319348595159989652e-03 9.987085611719636047e-01 5.052637303773980376e-02 -3.342245293687568647e-02 6.275070957710148001e+00 3.174665646958017007e-01 1.179999999999999938e+00 -0.000000000000000000e+00 2.136283004441059319e+01 6.283185307179585344e+00 -0.000000000000000000e+00 -0.000000000000000000e+00 3.147883903873549116e-04 1.399799941774210543e-05
3.500000000000000000e+00 -1.109771025659165161e-01 -2.259769799878288410e+00 0.000000000000000000e+00 1.419855240420341502e+01 -6.972897002755285012e-01 0.000000000000000000e+00 9.891819899049807407e-01 1.266238410655094043e-02 -1.461460053383620838e-01 -1.465970510554204798e-01 4.920237667596806530e-02 -9.879718775103318862e-01 -5.319348595159989652e-03 9.987085611719637157e-01 5.052637303773990091e-02 -3.342245293687568647e-02 6.275070957710148001e+00 3.174665646958017007e-01 1.179999999999999938e+00 -0.000000000000000000e+00 2.199114857512855181e+01 6.283185307179585344e+00 -0.000000000000000000e+00 -0.000000000000000000e+00 3.147883903873549116e-04 1.399799941774210543e-05
3.600000000000000089e+00 1.238476999982053295e+00 -1.893422875707204245e+00 0.000000000000000000e+00 1.189672679292122481e+01 7.781580489567089032e+00 0.000000000000000000e+00 8.864326250026999254e-01 -1.867634745637018756e-02 4.624806973015320177e-01 4.628270798703826294e-01 4.724832153118885270e-02 -8.851885054897287164e-01 -5.319348595159986183e-03 9.987085611719637157e-01 5.052637303773978988e-02 -3.342245293687568647e-02 6.275070957710148001e+00 3.174665646958017007e-01 1.179999999999999938e+00 -0.000000000000000000e+00 2.261946710584651044e+01 6.283185307179585344e+00 -0.000000000000000000e+00 -0.000000000000000000e+00 3.147883903873549116e-04 1.399799941774210543e-05
3.700000000000000178e+00 2.114874982821881577e+00 -8.038527680925355856e-01 0.000000000000000000e+00 5.050755901614658150e+00 1.328815141858812510e+01 0.000000000000000000e+00 4.450961260861775459e-01 -4.288134907666069778e-02 8.944554927129927391e-01 8.954669971995619093e-01 2.724701347287914258e-02 -4.442932108227718446e-01 -5.319348595159980111e-03 9.987085611719636047e-01 5.052637303773997030e-02 -3.342245293687568647e-02 6.275070957710148001e+00 3.174665646958017007e-01 1.179999999999999938e+00 -0.000000000000000000e+00 2.324778563656446906e+01 6.283185307179585344e+00 -0.000000000000000000e+00 -0.000000000000000000e+00 3.147883903873549116e-04 1.399799941774210543e-05
3.800000000000000266e+00 2.183462604180600675e+00 5.927617749827943650e-01 0.000000000000000000e+00 -3.724432075229585415e+00 1.371910015336362676e+01 0.000000000000000000e+00 -1.662519647343556894e-01 -5.070713283311560626e-02 9.847786913321240343e-01 9.860689574023153714e-01 -3.161727640144242762e-03 1.663069894076608657e-01 -5.319348595159958427e-03 9.987085611719636047e-01 5.052637303773992866e-02 -3.342245293687568647e-02 6.275070957710148001e+00 3.174665646958017007e-01 1.179999999999999938e+00 -0.000000000000000000e+00 2.387610416728242768e+01 6.283185307179585344e+00 -0.000000000000000000e+00 -0.000000000000000000e+00 3.147883903873549116e-04 1.399799941774210543e-05
3.900000000000000355e+00 1.418041723906689366e+00 1.762961467246414227e+00 0.000000000000000000e+00 -1.107701358812643555e+01 8.909818924618122082e+00 0.000000000000000000e+00 -7.140974557228140229e-01 -3.916451531937607117e-02 6.989499012590255633e-01 7.000260911285567378e-01 -3.236279625780238284e-02 7.133835722510359911e-01 -5.319348595159986183e-03 9.987085611719636047e-01 5.052637303773980376e-02 -3.342245293687568647e-02 6.275070957710148001e+00 3.174665646958017007e-01 1.179999999999999938e+00 -0.000000000000000000e+00 2.450442269800038630e+01 6.283185307179585344e+00 -0.000000000000000000e+00 -0.000000000000000000e+00 3.147883903873549116e-04 1.399799941774210543e-05
4.000000000000000000e+00 1.109771025659167937e-01 2.259769799878288410e+00 0.000000000000000000e+00 -1.419855240420341502e+01 6.972897002755301665e-01 0.000000000000000000e+00 -9.891819899049807407e-01 -1.266238410655093349e-02 1.461460053383621949e-01 1.465970510554206185e-01 -4.920237667596806530e-02 9.879718775103318862e-01 -5.319348595159977509e-03 9.987085611719637157e-01 5.052637303773989397e-02 -3.342245293687568647e-02 6.275070957710148001e+00 3.174665646958017007e-01 1.179999999999999938e+00 -0.000000000000000000e+00 2.513274122871834493e+01 6.283185307179585344e+00 -0.000000000000000000e+00 -0.000000000000000000e+00 3.147883903873549116e-04 1.399799941774210543e-05
4.100000000000000533e+00 -1.238476999982053073e+00 1.893422875707204245e+00 0.000000000000000000e+00 -1.189672679292122481e+01 -7.781580489567088144e+00 0.000000000000000000e+00 -8.864326250026999254e-01 1.867634745637022572e-02 -4.624806973015319622e-01 -4.628270798703825739e-01 -4.724832153118883882e-02 8.851885054897287164e-01 -5.319348595159947152e-03 9.987085611719637157e-01 5.052637303773980376e-02 -3.342245293687568647e-02 6.275070957710148001e+00 3.174665646958017007e-01 1.179999999999999938e+00 -0.000000000000000000e+00 2.576105975943630355e+01 6.283185307179585344e+00 -0.000000000000000000e+00 -0.000000000000000000e+00 3.147883903873549116e-04 1.399799941774210543e-05
4.200000000000000178e+00 -2.114874982821881133e+00 8.038527680925358077e-01 0.000000000000000000e+00 -5.050755901614659926e+00 -1.328815141858812332e+01 0.000000000000000000e+00 -4.450961260861776569e-01 4.288134907666062839e-02 -8.944554927129925170e-01 -8.954669971995616873e-01 -2.724701347287918421e-02 4.442932108227720112e-01 -5.319348595160040827e-03 9.987085611719634937e-01 5.052637303773992172e-02 -3.342245293687568647e-02 6.275070957710148001e+00 3.174665646958017007e-01 1.179999999999999938e+00 -0.000000000000000000e+00 2.638937829015426217e+01 6.283185307179585344e+00 -0.000000000000000000e+00 -0.000000000000000000e+00 3.147883903873549116e-04 1.399799941774210543e-05
4.299999999999999822e+00 -2.183462604180601119e+00 -5.927617749827940319e-01 0.000000000000000000e+00 3.724432075229583639e+00 -1.371910015336363031e+01 0.000000000000000000e+00 1.662519647343554952e-01 5.070713283311561320e-02 -9.847786913321242563e-01 -9.860689574023155934e-01 3.161727640144237125e-03 -1.663069894076606714e-01 -5.319348595159953223e-03 9.987085611719638267e-01 5.052637303773993560e-02 -3.342245293687568647e-02 6.275070957710148001e+00 3.174665646958017007e-01 1.179999999999999938e+00 -0.000000000000000000e+00 2.701769682087222080e+01 6.283185307179585344e+00 -0.000000000000000000e+00 -0.000000000000000000e+00 3.147883903873549116e-04 1.399799941774210543e-05
4.400000000000000355e+00 -1.418041723906689588e+00 -1.762961467246414005e+00 0.000000000000000000e+00 1.107701358812643377e+01 -8.909818924618123859e+00 0.000000000000000000e+00 7.140974557228139119e-01 3.916451531937607117e-02 -6.989499012590256743e-01 -7.000260911285568488e-01 3.236279625780238284e-02 -7.133835722510359911e-01 -5.319348595159982714e-03 9.987085611719637157e-01 5.052637303773981070e-02 -3.342245293687568647e-02 6.275070957710148001e+00 3.174665646958017007e-01 1.179999999999999938e+00 -0.000000000000000000e+00 2.764601535159017942e+01 6.283185307179585344e+00 -0.000000000000000000e+00 -0.000000000000000000e+00 3.147883903873549116e-04 1.399799941774210543e-05
4.500000000000000000e+00 -1.109771025659170574e-01 -2.259769799878288410e+00 0.000000000000000000e+00 1.419855240420341502e+01 -6.972897002755319429e-01 0.000000000000000000e+00 9.891819899049807407e-01 1.266238410655093696e-02 -1.461460053383623336e-01 -1.465970510554207296e-01 4.920237667596805836e-02 -9.879718775103318862e-01 -5.319348595159974040e-03 9.987085611719637157e-01 5.052637303773990091e-02 -3.342245293687568647e-02 6.275070957710148001e+00 3.174665646958017007e-01 1.179999999999999938e+00 -0.000000000000000000e+00 2.827433388230813804e+01 6.283185307179585344e+00 -0.000000000000000000e+00 -0.000000000000000000e+00 3.147883903873549116e-04 1.399799941774210543e-05
4.600000000000000533e+00 1.238476999982052629e+00 -1.893422875707204467e+00 0.000000000000000000e+00 1.189672679292122659e+01 7.781580489567086367e+00 0.000000000000000000e+00 8.864326250027000365e-01 -1.867634745637022226e-02 4.624806973015318512e-01 4.628270798703824074e-01 4.724832153118883882e-02 -8.851885054897288274e-01 -5.319348595159942815e-03 9.987085611719636047e-01 5.052637303773980376e-02 -3.342245293687568647e-02 6.275070957710148001e+00 3.174665646958017007e-01 1.179999999999999938e+00 -0.000000000000000000e+00 2.890265241302609667e+01 6.283185307179585344e+00 -0.000000000000000000e+00 -0.000000000000000000e+00 3.147883903873549116e-04 1.399799941774210543e-05
4.700000000000000178e+00 2.114874982821881577e+00 -8.038527680925361407e-01 0.000000000000000000e+00 5.050755901614662591e+00 1.328815141858812510e+01 0.000000000000000000e+00 4.450961260861779345e-01 -4.288134907666062839e-02 8.944554927129927391e-01 8.954669971995619093e-01 2.724701347287919115e-02 -4.442932108227722332e-01 -5.319348595160037357e-03 9.987085611719638267e-01 5.052637303773992866e-02 -3.342245293687568647e-02 6.275070957710148001e+00 3.174665646958017007e-01 1.179999999999999938e+00 -0.000000000000000000e+00 2.953097094374405529e+01 6.283185307179585344e+00 -0.000000000000000000e+00 -0.000000000000000000e+00 3.147883903873549116e-04 1.399799941774210543e-05
4.800000000000000711e+00 2.183462604180601119e+00 5.927617749827940319e-01 0.000000000000000000e+00 -3.724432075229583639e+00 1.371910015336363031e+01 0.000000000000000000e+00 -1.662519647343554952e-01 -5.070713283311561320e-02 9.847786913321242563e-01 9.860689574023155934e-01 -3.161727640144237125e-03 1.663069894076606714e-01 -5.319348595159953223e-03 9.987085611719638267e-01 5.052637303773993560e-02 -3.342245293687568647e-02 6.275070957710148001e+00 3.174665646958017007e-01 1.179999999999999938e+00 -0.000000000000000000e+00 3.015928947446201391e+01 6.283185307179585344e+00 -0.000000000000000000e+00 -0.000000000000000000e+00 3.147883903873549116e-04 1.399799941774210543e-05
4.900000000000000355e+00 1.418041723906690033e+00 1.762961467246414005e+00 0.000000000000000000e+00 -1.107701358812643377e+01 8.909818924618125635e+00 0.000000000000000000e+00 -7.140974557228139119e-01 -3.916451531937607117e-02 6.989499012590256743e-01 7.000260911285568488e-01 -3.236279625780238284e-02 7.133835722510359911e-01 -5.319348595159982714e-03 9.987085611719637157e-01 5.052637303773981070e-02 -3.342245293687568647e-02 6.275070957710148001e+00 3.174665646958017007e-01 1.179999999999999938e+00 -0.000000000000000000e+00 3.078760800517997254e+01 6.283185307179585344e+00 -0.000000000000000000e+00 -0.000000000000000000e+00 3.147883903873549116e-04 1.399799941774210543e-05
5.000000000000000000e+00 1.109771025659173349e-01 2.259769799878288410e+00 0.000000000000000000e+00 -1.419855240420341502e+01 6.972897002755337192e-01 0.000000000000000000e+00 -9.891819899049806297e-01 -1.266238410655094911e-02 1.461460053383624447e-01 1.465970510554208683e-01 -4.920237667596805836e-02 9.879718775103318862e-01 -5.319348595159980979e-03 9.987085611719638267e-01 5.052637303773990091e-02 -3.342245293687568647e-02 6.275070957710148001e+00 3.174665646958017007e-01 1.179999999999999938e+00 -0.000000000000000000e+00 3.141592653589793116e+01 6.283185307179585344e+00 -0.000000000000000000e+00 -0.000000000000000000e+00 3.147883903873549116e-04 1.399799941774210543e-05
5.100000000000000533e+00 -1.238476999982045745e+00 1.893422875707208908e+00 0.000000000000000000e+00 -1.189672679292125501e+01 -7.781580489567041958e+00 0.000000000000000000e+00 -8.864326250027018128e-01 1.867634745637001756e-02 -4.624806973015285205e-01 -4.628270798703790767e-01 -4.724832153118890821e-02 8.851885054897306038e-01 -5.319348595159961897e-03 9.987085611719637157e-01 5.052637303773978295e-02 -3.342245293687568647e-02 6.275070957710148001e+00 3.174665646958017007e-01 1.179999999999999938e+00 -0.000000000000000000e+00 3.204424506661588623e+01 6.283185307179585344e+00 -0.000000000000000000e+00 -0.000000000000000000e+00 3.147883903873549116e-04 1.399799941774210543e-05
5.200000000000000178e+00 -2.114874982821880689e+00 8.038527680925365848e-01 0.000000000000000000e+00 -5.050755901614664367e+00 -1.328815141858812154e+01 0.000000000000000000e+00 -4.450961260861780455e-01 4.288134907666069084e-02 -8.944554927129925170e-01 -8.954669971995616873e-01 -2.724701347287915298e-02 4.442932108227723997e-01 -5.319348595159965366e-03 9.987085611719636047e-01 5.052637303773997030e-02 -3.342245293687568647e-02 6.275070957710148001e+00 3.174665646958017007e-01 1.179999999999999938e+00 -0.000000000000000000e+00 3.267256359733384841e+01 6.283185307179585344e+00 -0.000000000000000000e+00 -0.000000000000000000e+00 3.147883903873549116e-04 1.399799941774210543e-05
5.300000000000000711e+00 -2.183462604180599342e+00 -5.927617749828013594e-01 0.000000000000000000e+00 3.724432075229629380e+00 -1.371910015336361788e+01 0.000000000000000000e+00 1.662519647343588258e-01 5.070713283311554381e-02 -9.847786913321237012e-01 -9.860689574023150383e-01 3.161727640144373734e-03 -1.663069894076640021e-01 -5.319348595159979244e-03 9.987085611719638267e-01 5.052637303773987315e-02 -3.342245293687568647e-02 6.275070957710148001e+00 3.174665646958017007e-01 1.179999999999999938e+00 -0.000000000000000000e+00 3.330088212805181058e+01 6.283185307179585344e+00 -0.000000000000000000e+00 -0.000000000000000000e+00 3.147883903873549116e-04 1.399799941774210543e-05
5.400000000000000355e+00 -1.418041723906677598e+00 -1.762961467246423553e+00 0.000000000000000000e+00 1.107701358812649417e+01 -8.909818924618047475e+00 0.000000000000000000e+00 7.140974557228186859e-01 3.916451531937593239e-02 -6.989499012590206783e-01 -7.000260911285518528e-01 3.236279625780286856e-02 -7.133835722510406541e-01 -5.319348595159893375e-03 9.987085611719636047e-01 5.052637303774001887e-02 -3.342245293687568647e-02 6.275070957710148001e+00 3.174665646958017007e-01 1.179999999999999938e+00 -0.000000000000000000e+00 3.392920065876977276e+01 6.283185307179585344e+00 -0.000000000000000000e+00 -0.000000000000000000e+00 3.147883903873549116e-04 1.399799941774210543e-05
5.500000000000000000e+00 -1.109771025658935345e-01 -2.259769799878289298e+00 0.000000000000000000e+00 1.419855240420342213e+01 -6.972897002753840612e-01 0.000000000000000000e+00 9.891819899049820730e-01 1.266238410655042522e-02 -1.461460053383520363e-01 -1.465970510554104322e-01 4.920237667596814163e-02 -9.879718775103333295e-01 -5.319348595159981846e-03 9.987085611719636047e-01 5.052637303773984540e-02 -3.342245293687568647e-02 6.275070957710148001e+00 3.174665646958017007e-01 1.179999999999999938e+00 -0.000000000000000000e+00 3.455751918948773493e+01 6.283185307179585344e+00 -0.000000000000000000e+00 -0.000000000000000000e+00 3.147883903873549116e-04 1.399799941774210543e-05
5.600000000000000533e+00 1.238476999982079052e+00 -1.893422875707187591e+00 0.000000000000000000e+00 1.189672679292112001e+01 7.781580489567250680e+00 0.000000000000000000e+00 8.864326250026937082e-01 -1.867634745637089186e-02 4.624806973015441747e-01 4.628270798703947309e-01 4.724832153118863065e-02 -8.851885054897224991e-01 -5.319348595159949754e-03 9.987085611719638267e-01 5.052637303773985233e-02 -3.342245293687568647e-02 6.275070957710148001e+00 3.174665646958017007e-01 1.179999999999999938e+00 -0.000000000000000000e+00 3.518583772020569711e+01 6.283185307179585344e+00 -0.000000000000000000e+00 -0.000000000000000000e+00 3.147883903873549116e-04 1.399799941774210543e-05
5.700000000000000178e+00 2.114874982821895344e+00 -8.038527680924989482e-01 0.000000000000000000e+00 5.050755901614428112e+00 1.328815141858821214e+01 0.000000000000000000e+00 4.450961260861620583e-01 -4.288134907666110024e-02 8.944554927130003996e-01 8.954669971995695699e-01 2.724701347287829603e-02 -4.442932108227564125e-01 -5.319348595159917661e-03 9.987085611719636047e-01 5.052637303773985927e-02 -3.342245293687568647e-02 6.275070957710148001e+00 3.174665646958017007e-01 1.179999999999999938e+00 -0.000000000000000000e+00 3.581415625092365929e+01 6.283185307179585344e+00 -0.000000000000000000e+00 -0.000000000000000000e+00 3.147883903873549116e-04 1.399799941774210543e-05
